<?xml version="1.0" ?>
<PyBrain>
	<Network class="pybrain.structure.networks.feedforward.FeedForwardNetwork" name="FeedForwardNetwork-8">
		<name val="'FeedForwardNetwork-8'"/>
		<Modules>
			<LinearLayer class="pybrain.structure.modules.linearlayer.LinearLayer" inmodule="True" name="in">
				<dim val="21"/>
				<name val="'in'"/>
			</LinearLayer>
			<SigmoidLayer class="pybrain.structure.modules.sigmoidlayer.SigmoidLayer" name="out" outmodule="True">
				<dim val="1"/>
				<name val="'out'"/>
			</SigmoidLayer>
			<BiasUnit class="pybrain.structure.modules.biasunit.BiasUnit" name="bias">
				<name val="'bias'"/>
			</BiasUnit>
			<SigmoidLayer class="pybrain.structure.modules.sigmoidlayer.SigmoidLayer" name="hidden0">
				<dim val="12"/>
				<name val="'hidden0'"/>
			</SigmoidLayer>
		</Modules>
		<Connections>
			<FullConnection class="pybrain.structure.connections.full.FullConnection" name="FullConnection-6">
				<inmod val="bias"/>
				<outmod val="out"/>
				<Parameters>[2.1381796161733462]</Parameters>
			</FullConnection>
			<FullConnection class="pybrain.structure.connections.full.FullConnection" name="FullConnection-7">
				<inmod val="bias"/>
				<outmod val="hidden0"/>
				<Parameters>[1.7133858825430091, -1.3480316101014449, -0.29628054248773872, -0.81102677235534859, 1.041496474723151, -0.18510884510277872, 0.99503239795144172, -1.2491455019899576, 1.0597532899861695, 1.6658065325345572, -1.73316433072797, 0.82911345736472575]</Parameters>
			</FullConnection>
			<FullConnection class="pybrain.structure.connections.full.FullConnection" name="FullConnection-4">
				<inmod val="in"/>
				<outmod val="hidden0"/>
				<Parameters>[0.29756480506977245, -1.0337656310025791, -0.16518928961192522, -0.14480512649367702, 1.946036191466159, 0.31855094615940094, -1.6385497113005838, -0.34132756781493634, 1.4067259995515156, -0.0026117746868951105, -0.22435538831568472, 2.2591025759094188, -2.5726162950535105, 2.2177132013154721, -0.3670770092102062, 1.6733542228590306, -0.25521763680952814, 0.36022512532974937, 1.4825403202583747, 0.80772076640843027, 0.50973273546652953, -2.1220222590401416, -1.0152182451688618, -1.1516364681341853, 1.474219276403621, 1.6685392954909499, -1.0252994380711156, -0.47928036253193312, -1.9100662741119474, -0.1186186634866245, 0.16499680795020086, 1.5228887583198651, 0.35014052944965246, -0.25060876647415942, 1.0598166960278432, 1.4237564316085625, 0.16155774098664941, 0.056329212373492192, 0.070399635922797174, -0.13395591141362975, 0.78880245750153488, 0.41426753453493337, -0.86470107263611284, 1.0257496981840073, -0.61510853774154628, -0.76883174924930608, -0.11677384496533201, -0.9938746614241597, -0.87310505139721761, -1.0142213204046635, 0.92804130022131348, -1.4830937735137102, 0.43084534138718827, -0.78218407978734972, -0.15699962486462751, 0.62588710428190386, 0.63736191694877797, -0.97727265016714593, 1.4703907338199642, -0.87822423184475917, 1.063101579599838, 0.12455135938306963, -0.37812647558781931, 0.34945313127705824, 1.0727787722415087, 1.9740638908930765, 0.36475951040392529, 0.20506905969459924, -0.89041877463773078, -0.8531303536456456, -0.39085875166320483, -0.59027330256862742, 1.5796154137328651, 1.2414723520958748, 1.104125148385291, 0.46632606341849153, 1.0240898160509513, -0.11330590043756639, 1.3000046090327735, -0.084873956925615127, -0.27745442117284047, -1.6720209729397357, 0.46789723415050322, -1.5910226373080543, -0.28749375841764579, 0.99908204031580083, -1.7442675333722151, -0.12665263608257493, 2.8749760982198547, 2.9816765437145571, 1.8587624103506799, -0.31060384328317664, -0.31891781683752662, 2.4510161666969092, 0.59424642520666648, 0.46052071666185701, 0.31701249766914769, 0.87238075960835693, 2.1988746892615896, 0.3075973230309022, -1.4298472546995771, 0.20740552112150315, -1.918350744148752, -1.5638690618270539, -0.97375195212082133, 0.64186140743037357, -0.49660018521173488, 0.021073396473869885, 0.2527338856144995, -1.8879396957611176, 0.51165340683963778, -0.024762216605726323, -0.36531799588779107, -0.27610981801422563, 0.062737176489830265, -0.47740415567415057, -1.4497644214582457, -0.94928328127349793, 0.57546512218080448, -0.1571661094025803, 0.15109013460569848, 0.079089819186596008, -0.76019845296627164, -2.8640363198897951, 0.3671859474999955, 1.2780607957516557, -1.3256423983794761, 0.44340788302863532, -1.3193607895503472, 0.3258352817955289, 3.5520512106894335, -0.22523283012148412, -1.3588466824250005, 0.73179360766551604, -0.16794171367645108, 3.0028558008285056, -0.11873143523484941, -1.4410018792476593, -2.2994979937432065, 0.13091953818480362, 0.28245241989469766, 1.4189563893255861, 1.7763569235890229, -0.62759017854469668, -2.9766260610192354, -1.06250600847105, 0.098928705425579952, 0.42502525803980362, -0.23798741663240069, 1.090620888604064, -0.89564609009731555, 3.5090995083905314, -3.759273055608273, -2.0461376383449235, -0.42212249569693733, 1.4176476138671266, 0.92122002072339926, 1.3228783500689389, 0.65458761620960693, -0.99443325211500921, 1.7596831441251184, 1.5079675873734406, -0.02980609431078339, 0.7317607410840965, -2.306653231806977, -3.2428583975141079, 7.4817396732733283e-06, 0.9810027832543381, -1.5339507588582344, 1.3472446036376025, -0.25145962182514375, 0.55813862007609627, -1.5270698622941095, -0.53346013320457686, 1.6941919510807844, 0.0042952685303965952, -2.2891345333448947, 0.44629937867288105, -0.57104788357301772, 0.62622643231017083, -2.4654870946469027, 3.3669023356413716, -0.48658915798248631, 0.16420134988374882, -0.052142306526573833, -0.51270687429045714, -1.7509004768719914, -0.31250200589284188, -1.179184247276027, -0.31951317584850464, -0.57005134832261617, -0.45742624698684642, 0.50822728371455539, 2.7645448930199765, -1.3174064670640842, -3.2728985913851329, -1.4465586833626496, 1.2554039493715001, 1.7454084271511554, -0.725073520127683, -0.45887446763331619, -0.47619177921897526, 3.0684364271258859, -2.0400947262903961, 1.9506894495365292, 2.1093101655741577, 1.0128077941441218, -0.071573692611197115, 0.35454893249027097, 0.45362429046224473, -0.38992134833540304, 0.36198299261230704, -0.17904283064443319, 1.7941692276374173, -1.0220728818873688, 2.594252285376204, -0.9228954465989696, 0.10673012793820572, -0.060183802389080693, -1.2037548229242558, 2.5365981959615564, 0.067340752587783118, 1.8083567384887993, 0.6771843370819689, -1.6711890385657004, -1.4765007381782269, -1.3730492011818969, -2.1827654579707469, -1.228975181648392, -1.1656956656615229, -1.0509773517275594, 1.4714247624824159, -1.131518264080958, 1.6993701298664303, 0.97424179150850942, 1.7820073177499212, -1.3407460109856264, 1.7796655811258062, -0.4379934984093351, -1.6242971125107375, -2.3714294947409473, -1.5138912581370068, 0.30365660730248728, 0.30631099857125876, 3.116792235298123, 0.19770990451322515, -0.39525457740496167, -0.48203294116979989, 1.5526742792146369, 0.51659821385715232, 0.95392766812308116, 0.15141270852901076]</Parameters>
			</FullConnection>
			<FullConnection class="pybrain.structure.connections.full.FullConnection" name="FullConnection-5">
				<inmod val="hidden0"/>
				<outmod val="out"/>
				<Parameters>[-0.77010127823095431, 0.31543063666711008, 0.33113044974352807, 0.67193734654462733, -4.7299725870342595, -2.3724729633032409, 3.8394856010499554, -1.9698675284884779, 0.95919205352080428, -1.7467368456749721, 2.9282476224437461, -0.86394401101922302]</Parameters>
			</FullConnection>
		</Connections>
	</Network>
</PyBrain>
